//Createobjet nv1d3atd
CreateObject(3626, 253.43, -193.82, 1.97,   0.00, 0.00, 270.37);
CreateObject(1491, 251.92, -191.00, 0.79,   0.00, 0.00, 269.68);
CreateObject(3396, 253.55, -197.04, 0.73,   0.00, 0.00, 275.54);
CreateObject(16782, 253.73, -197.39, 2.00,   0.00, 0.00, 96.32);
CreateObject(1223, 305.34, 78.72, 2.00,   0.00, 0.00, 129.27);
CreateObject(3761, 213.93, -234.00, 2.81,   0.00, 0.00, 270.75);
CreateObject(1687, 255.01, -191.76, 4.31,   0.00, 0.00, 268.79);
CreateObject(3475, 341.48, -61.23, 2.72,   0.00, 0.00, 272.42);
CreateObject(3475, 347.50, -61.03, 2.72,   0.00, 0.00, 272.42);
CreateObject(3475, 353.37, -60.86, 2.72,   0.00, 0.00, 272.42);
CreateObject(3475, 359.16, -60.66, 2.72,   0.00, 0.00, 272.42);
CreateObject(3475, 365.04, -60.88, 2.72,   0.00, 0.00, 264.25);
CreateObject(3475, 370.86, -61.52, 2.82,   0.00, 0.00, 265.44);
CreateObject(3475, 376.79, -62.54, 3.13,   0.00, 0.00, 254.38);
CreateObject(3475, 379.81, -65.96, 3.64,   0.00, 0.00, 186.42);
CreateObject(3475, 380.62, -71.83, 3.64,   0.00, 0.00, 191.51);
CreateObject(3475, 381.86, -77.85, 4.04,   0.00, 0.00, 191.51);
CreateObject(3475, 383.08, -83.70, 3.75,   0.00, 0.00, 191.51);
CreateObject(3475, 384.26, -89.71, 3.65,   0.00, 0.00, 188.42);
CreateObject(3475, 385.00, -95.70, 3.85,   0.00, 0.00, 188.42);
CreateObject(3475, 385.51, -101.52, 3.85,   0.00, 0.00, 181.64);
CreateObject(3475, 385.68, -107.55, 3.85,   0.00, 0.00, 181.64);
CreateObject(3475, 385.45, -113.41, 3.85,   0.00, 0.00, 174.34);
CreateObject(3475, 384.37, -119.16, 3.85,   0.00, 0.00, 166.17);
CreateObject(3475, 382.03, -124.42, 3.23,   0.00, 0.00, 145.08);
CreateObject(3475, 378.19, -128.61, 3.23,   0.00, 0.00, 130.35);
CreateObject(3475, 373.33, -131.71, 3.64,   0.00, 0.00, 116.06);
CreateObject(3475, 367.81, -133.13, 3.64,   0.00, 0.00, 93.90);
CreateObject(3475, 361.97, -133.41, 3.53,   0.00, 0.00, 93.90);
CreateObject(3475, 356.28, -133.54, 3.34,   0.00, 0.00, 91.02);
CreateObject(3475, 350.59, -133.26, 3.24,   0.00, 0.00, 83.38);
CreateObject(3475, 346.70, -130.24, 2.76,   0.00, 0.00, 19.87);
CreateObject(3475, 345.76, -124.54, 2.46,   0.00, 0.00, 1.05);
CreateObject(3475, 345.81, -118.83, 2.56,   0.00, 0.00, 359.67);
CreateObject(3475, 346.03, -112.81, 2.56,   0.00, 0.00, 359.67);
CreateObject(3475, 345.69, -106.89, 2.56,   0.00, 0.00, 9.82);
CreateObject(3550, 338.65, -63.91, 2.61,   0.00, 0.00, 184.59);
CreateObject(3550, 339.64, -69.87, 2.61,   0.00, 0.00, 194.66);
CreateObject(3550, 341.17, -75.62, 2.61,   0.00, 0.00, 194.66);
CreateObject(3550, 342.20, -81.44, 2.61,   0.00, 0.00, 184.39);
CreateObject(3550, 342.48, -87.42, 2.61,   0.00, 0.00, 181.08);
CreateObject(1427, 353.53, -82.14, 0.94,   0.00, 0.00, 0.00);
CreateObject(1427, 353.52, -80.91, 0.94,   0.00, 0.00, 0.00);
CreateObject(1427, 353.59, -79.79, 0.94,   0.00, 0.00, 0.00);
CreateObject(1423, 353.53, -77.98, 1.06,   0.00, 0.00, 270.17);
CreateObject(1423, 354.02, -75.59, 1.06,   0.00, 0.00, 231.52);
CreateObject(1243, 234.34, 269.85, -1.97,   0.00, 0.00, 0.00);
CreateObject(1243, 181.58, 280.12, -1.97,   0.00, 0.00, 0.00);
CreateObject(1243, 131.88, 269.26, -1.97,   0.00, 0.00, 0.00);
CreateObject(1243, 84.73, 248.64, -1.97,   0.00, 0.00, 0.00);
CreateObject(1243, 38.97, 219.04, -1.97,   0.00, 0.00, 0.00);
CreateObject(1243, 284.21, 253.81, -1.97,   0.00, 0.00, 0.00);
CreateObject(1243, 320.23, 225.46, -1.97,   0.00, 0.00, 0.00);
CreateObject(1255, 296.65, 150.51, 2.24,   0.00, 0.00, 135.93);
CreateObject(1255, 295.26, 149.80, 2.24,   0.00, 0.00, 99.64);
CreateObject(1255, 284.07, 144.93, 2.24,   0.00, 0.00, 99.64);
CreateObject(1255, 285.49, 145.58, 2.24,   0.00, 0.00, 135.93);
CreateObject(1255, 266.65, 142.16, 1.23,   0.00, 0.00, 97.07);
CreateObject(1255, 268.52, 142.79, 1.42,   0.00, 0.00, 135.93);
CreateObject(1255, 261.48, 141.46, 1.12,   0.00, 0.00, 135.93);
CreateObject(1255, 259.82, 140.61, 1.02,   0.00, 0.00, 97.07);
CreateObject(1255, 243.15, 139.18, 1.22,   0.00, 0.00, 59.85);
CreateObject(1255, 245.63, 139.84, 1.02,   0.00, 0.00, 135.93);
CreateObject(1255, 219.58, 143.72, 1.94,   0.00, 0.00, 59.85);
CreateObject(1255, 222.00, 142.93, 1.94,   0.00, 0.00, 94.28);
CreateObject(1281, 199.49, 122.85, 3.81,   0.00, 0.00, 8.53);
CreateObject(1281, 190.04, 107.91, 3.81,   0.00, 0.00, 8.53);
CreateObject(1281, 231.70, 102.94, 3.40,   0.00, 0.00, 2.57);
CreateObject(1281, 219.91, 84.59, 3.81,   0.00, 0.00, 8.53);
CreateObject(1281, 271.36, 91.38, 3.81,   0.00, 0.00, 266.91);
CreateObject(1281, 252.07, 118.85, 2.99,   0.00, 0.00, 8.53);
CreateObject(1281, 297.23, 100.14, 4.32,   0.00, 0.00, 347.76);
CreateObject(1281, 299.93, 132.51, 3.81,   0.00, 0.00, 8.53);
CreateObject(1281, 324.03, 116.66, 3.91,   0.00, 0.00, 356.15);
CreateObject(1341, 209.14, 102.10, 3.92,   0.00, 0.00, 0.00);
CreateObject(1341, 239.65, 84.72, 3.62,   0.00, 0.00, 29.09);
CreateObject(1341, 274.88, 111.11, 3.72,   0.00, 0.00, 29.09);
CreateObject(1341, 308.31, 110.65, 4.23,   0.00, 0.00, 25.20);
CreateObject(1340, 168.11, 113.23, 4.07,   0.00, 0.00, 46.78);
CreateObject(1340, 195.66, 84.38, 3.77,   0.00, 0.00, 78.69);
CreateObject(1340, 234.43, 83.13, 3.84,   0.00, 0.00, 98.84);
CreateObject(1340, 286.02, 132.57, 3.74,   0.00, 0.00, 108.38);
CreateObject(1342, 348.11, 155.28, 5.25,   0.00, 0.00, 143.42);
CreateObject(1342, 349.43, 157.48, 5.45,   0.00, 0.00, 143.42);
CreateObject(1342, 287.57, 94.81, 4.25,   0.00, 0.00, 143.42);
CreateObject(1342, 253.91, 104.37, 3.47,   0.00, 0.00, 96.93);
CreateObject(1281, 339.56, 139.42, 4.66,   0.00, 0.00, 8.53);
CreateObject(1281, 318.00, 150.67, 3.91,   0.00, 0.00, 356.15);
CreateObject(1257, 164.70, 57.51, 2.46,   0.00, 0.00, 250.17);
CreateObject(1257, 157.36, 60.36, 2.46,   0.00, 0.00, 251.83);
CreateObject(1256, 256.09, 77.48, 3.44,   0.00, 0.00, 276.45);
CreateObject(1256, 256.20, 76.69, 3.44,   0.00, 0.00, 97.09);
CreateObject(1256, 291.01, 74.71, 2.73,   0.00, 0.00, 122.64);
CreateObject(1256, 283.92, 95.22, 2.84,   0.00, 0.00, 122.64);
CreateObject(1256, 288.69, 73.26, 2.73,   0.00, 0.00, 122.64);
CreateObject(1360, 152.31, 79.90, 2.10,   0.00, 0.00, 245.25);
CreateObject(1360, 166.65, 74.18, 2.10,   0.00, 0.00, 252.37);
CreateObject(1360, 186.40, 67.32, 2.10,   0.00, 0.00, 252.37);
CreateObject(1360, 210.36, 60.56, 2.10,   0.00, 0.00, 258.98);
CreateObject(1360, 228.99, 59.67, 2.42,   0.00, 0.00, 270.85);
CreateObject(1360, 248.23, 59.46, 2.32,   0.00, 0.00, 270.85);
CreateObject(1360, 284.92, 71.18, 2.53,   0.00, 0.00, 294.85);
CreateObject(1360, 307.93, 84.38, 3.36,   0.00, 0.00, 304.58);
CreateObject(1360, 325.63, 95.06, 3.68,   0.00, 0.00, 303.65);
CreateObject(1360, 342.27, 105.80, 4.38,   0.00, 0.00, 302.50);
CreateObject(1360, 353.34, 115.20, 5.10,   0.00, 0.00, 311.21);
CreateObject(1346, 220.58, 39.66, 2.77,   0.00, 0.00, 171.40);
CreateObject(1346, 254.50, 40.07, 2.87,   0.00, 0.00, 193.11);
CreateObject(1363, 224.39, -80.33, 1.40,   0.00, 0.00, 0.00);
CreateObject(1366, 240.28, -146.72, 1.20,   0.00, 0.00, 0.00);
CreateObject(1366, 199.74, -78.81, 1.20,   0.00, 0.00, 0.00);
CreateObject(1366, 140.95, -133.14, 1.20,   0.00, 0.00, 0.00);
CreateObject(1233, 240.49, -136.46, 1.94,   0.00, 0.00, 256.49);
CreateObject(1237, 502.17, 216.42, 12.05,   0.00, 0.00, 357.23);
CreateObject(1237, 503.28, 216.97, 12.05,   0.00, 0.00, 357.23);
CreateObject(1237, 504.28, 217.11, 12.05,   0.00, 0.00, 357.23);
CreateObject(1237, 504.79, 216.09, 12.16,   0.00, 0.00, 357.23);
CreateObject(1237, 505.09, 215.29, 12.16,   0.00, 0.00, 357.23);
CreateObject(1237, 494.45, 219.34, 11.45,   0.00, 0.00, 357.23);
CreateObject(1237, 475.42, 202.98, 10.12,   0.00, 0.00, 357.23);
CreateObject(3578, 455.10, 186.75, 9.07,   0.00, 0.00, 311.37);
CreateObject(3578, 448.80, 178.43, 8.67,   0.00, 0.00, 311.37);
CreateObject(3578, 439.46, 173.35, 8.06,   0.00, 0.00, 311.37);
CreateObject(1237, 444.17, 168.24, 8.61,   0.00, 0.00, 357.23);
CreateObject(1237, 443.51, 169.09, 8.61,   0.00, 0.00, 357.23);
CreateObject(1237, 444.33, 183.47, 9.11,   0.00, 0.00, 357.23);
CreateObject(1237, 445.04, 182.70, 9.12,   0.00, 0.00, 357.23);
CreateObject(1237, 458.80, 182.37, 9.43,   0.00, 0.00, 357.23);
CreateObject(1237, 459.46, 181.54, 9.43,   0.00, 0.00, 357.23);
CreateObject(3749, 412.93, 149.58, 12.31,   0.00, 0.00, 309.92);
CreateObject(1374, 417.22, 147.07, 8.06,   0.00, 0.00, 40.06);
CreateObject(1374, 408.76, 152.18, 8.06,   0.00, 0.00, 218.81);
CreateObject(1363, 412.21, 160.74, 8.58,   0.00, 0.00, 0.00);
CreateObject(1364, 415.95, 163.39, 8.92,   0.00, 0.00, 43.47);
CreateObject(1364, 419.33, 166.69, 8.92,   0.00, 0.00, 43.47);
CreateObject(1444, 421.40, 146.02, 8.06,   0.00, 0.00, 0.00);
CreateObject(1444, 257.92, 98.47, 3.21,   0.00, 0.00, 0.00);
CreateObject(1444, 240.75, -64.50, 1.41,   0.00, 0.00, 0.00);
CreateObject(5837, 412.28, 137.46, 8.18,   0.00, 0.00, 39.64);
CreateObject(1223, 405.38, 152.01, 7.00,   0.00, 0.00, 339.82);
CreateObject(1223, 405.79, 135.60, 5.72,   0.00, 0.00, 49.36);
CreateObject(1223, 414.01, 141.86, 6.39,   0.00, 0.00, 97.56);
CreateObject(1435, 400.73, 139.33, 6.21,   0.00, 0.00, 39.78);
CreateObject(1435, 391.44, 132.04, 5.79,   0.00, 0.00, 37.09);
CreateObject(1302, 218.48, 39.37, 1.35,   0.00, 0.00, 169.16);
CreateObject(1302, 217.34, 39.58, 1.35,   0.00, 0.00, 169.16);
CreateObject(1257, 225.86, -153.27, 1.94,   0.00, 0.00, 181.76);
CreateObject(1257, 338.96, -183.13, 1.94,   0.00, 0.00, 357.20);
CreateObject(3504, 269.82, 73.39, 3.84,   0.00, 0.00, 25.03);
CreateObject(3504, 268.54, 72.84, 3.84,   0.00, 0.00, 25.03);
CreateObject(3504, 271.05, 73.93, 3.84,   0.00, 0.00, 25.03);
CreateObject(3504, 267.24, 72.21, 3.84,   0.00, 0.00, 25.03);
CreateObject(3504, 272.33, 74.54, 3.84,   0.00, 0.00, 25.03);
CreateObject(1364, 226.19, -128.93, 1.32,   0.00, 0.00, 89.76);
CreateObject(1360, 226.23, -125.15, 1.30,   0.00, 0.00, 0.00);
CreateObject(1360, 225.87, -132.52, 1.30,   0.00, 0.00, 0.00);
CreateObject(1364, 240.72, -153.93, 1.34,   0.00, 0.00, 268.69);
CreateObject(1360, 240.88, -150.25, 1.31,   0.00, 0.00, 356.77);
CreateObject(1319, 246.65, 42.78, 1.92,   0.00, 0.00, 0.00);
CreateObject(1319, 245.13, 42.54, 1.92,   0.00, 0.00, 0.00);
CreateObject(1319, 243.50, 42.38, 1.92,   0.00, 0.00, 0.00);
CreateObject(1319, 241.88, 41.98, 1.92,   0.00, 0.00, 0.00);
CreateObject(1319, 240.76, 41.37, 1.92,   0.00, 0.00, 0.00);
CreateObject(1319, 239.91, 40.69, 1.92,   0.00, 0.00, 0.00);
CreateObject(1319, 239.34, 39.57, 1.92,   0.00, 0.00, 0.00);
CreateObject(1319, 238.89, 38.39, 1.92,   0.00, 0.00, 0.00);
CreateObject(1319, 237.99, 38.23, 1.92,   0.00, 0.00, 0.00);
CreateObject(1319, 227.65, 38.45, 1.92,   0.00, 0.00, 0.00);
CreateObject(1319, 226.98, 38.21, 1.92,   0.00, 0.00, 0.00);
CreateObject(1319, 226.72, 39.29, 1.92,   0.00, 0.00, 0.00);
CreateObject(1319, 226.32, 40.16, 1.92,   0.00, 0.00, 0.00);
CreateObject(1319, 225.79, 40.92, 1.92,   0.00, 0.00, 0.00);
CreateObject(1319, 224.96, 41.61, 1.92,   0.00, 0.00, 0.00);
CreateObject(1319, 223.67, 42.00, 1.92,   0.00, 0.00, 0.00);
CreateObject(1319, 222.49, 42.28, 1.92,   0.00, 0.00, 0.00);
CreateObject(1319, 221.14, 42.66, 1.92,   0.00, 0.00, 0.00);
CreateObject(1319, 219.86, 43.07, 1.92,   0.00, 0.00, 0.00);
CreateObject(3396, 413.36, 137.68, 6.70,   0.00, 0.00, 309.44);
CreateObject(1491, 409.99, 137.37, 6.69,   0.00, 0.00, 38.53);
CreateObject(1439, 407.96, 136.53, 6.31,   0.00, 0.00, 244.61);
CreateObject(1439, 407.73, 134.59, 6.31,   0.00, 0.00, 288.20);
CreateObject(1439, 409.19, 133.32, 6.31,   0.00, 0.00, 350.46);
CreateObject(3660, 239.09, -93.08, 3.19,   0.00, 0.00, 269.98);
CreateObject(3660, 239.05, -112.71, 3.19,   0.00, 0.00, 269.98);
CreateObject(3660, 227.05, -92.76, 3.19,   0.00, 0.00, 269.98);
CreateObject(3660, 227.06, -112.39, 3.19,   0.00, 0.00, 269.98);
//fin mapeo blueberry 
//------------
//Vehiculosnv1d3atd
CreateVehicle(598, 360.0644, -106.6440, 1.2738, 358.8414, -1, -1, 100);
CreateVehicle(598, 370.2130, -105.8323, 1.2738, 358.8414, -1, -1, 100);
CreateVehicle(598, 350.0827, -106.2081, 1.2738, 358.8414, -1, -1, 100);
CreateVehicle(599, 365.6992, -77.5806, 1.4597, 0.0000, -1, -1, 100);
CreateVehicle(599, 369.3643, -77.5245, 1.4597, 0.0000, -1, -1, 100);
CreateVehicle(528, 379.9419, -103.7365, 1.9654, 40.0105, -1, -1, 100);
CreateVehicle(523, 358.3157, -76.3865, 0.7214, 152.0620, -1, -1, 100);
CreateVehicle(523, 359.4076, -76.9361, 0.7214, 152.0620, -1, -1, 100);
CreateVehicle(523, 360.5190, -77.4687, 0.7214, 152.0620, -1, -1, 100);

